4 0.4444444444444444 0.3009259259259259 0.4768518518518519 0.25648148148148153 0.7712962962962964 0.262037037037037 0.775 0.4518518518518519 0.44166666666666665 0.4481481481481481
4 0.7805555555555556 0.46111111111111114 0.9907407407407409 0.4666666666666667 0.9907407407407409 0.2962962962962963 0.7925925925925927 0.27407407407407414
4 0.2972222222222222 0.16898611111111111 0.35184722222222226 0.1787083333333333
4 0.25926388888888885 0.3620416666666667 0.38148611111111114 0.19444444444444445
4 0.2189861111111111 0.5245416666666667 0.3564861111111111 0.14166666666666666
4 0.2662083333333333 0.65 0.33055555555555555 0.12406944444444444
4 0.28565277777777776 0.7569444444444444 0.325 0.10093055555555555
4 0.5768472222222222 0.7083333333333334 0.29815277777777777 0.12222222222222222
4 0.5782361111111111 0.6004583333333333 0.28055555555555556 0.10648611111111111
4 0.5990694444444444 0.5125 0.32222222222222224 0.11759722222222223
4 0.8736111111111111 0.5259305555555556 0.24537499999999998 0.14259722222222224
4 0.8379583333333334 0.6402777777777777 0.2685138888888889 0.12870833333333334
4 0.8268472222222223 0.7435138888888889 0.25555555555555554 0.12406944444444444