3 0.2561538461538462 0.3688461538461538 0.028557692307692308 0.0315625
3 0.3485576923076923 0.28771634615384617 0.0390625 0.04057692307692307
3 0.7188942307692308 0.4589903846153846 0.05259615384615384 0.04057692307692307
3 0.7925240384615384 0.4567307692307692 0.037572115384615384 0.05108173076923077
3 0.833076923076923 0.6640625 0.04057692307692307 0.045072115384615384
3 0.0878846153846154 0.2561538461538462 0.025552884615384616 0.037572115384615384
3 0.30122596153846154 0.36584134615384617 0.06161057692307692 0.034567307692307696
3 0.6475480769230769 0.6099759615384616 0.033052884615384616 0.033052884615384616
4 0.2764423076923077 0.18780048076923078 0.6460336538461539 0.2013221153846154 0.6445312500000001 0.25841346153846156 0.2674278846153848 0.2418870192307693 0.26442307692307715 0.21484375000000006
4 0.20733173076923078 0.2644230769230769 0.1983173076923079 0.31099759615384615 0.2433894230769231 0.34555288461538464 0.802283653846154 0.34104567307692313 0.8143028846153846 0.2914663461538462 0.8308293269230771 0.2704326923076924 0.8037860576923077 0.22836538461538472 0.6685697115384616 0.2764423076923077
4 0.7887620192307693 0.3485576923076923 0.7887620192307695 0.41015625000000006 0.7752403846153846 0.4236778846153847 0.6505408653846154 0.42518028846153855 0.6460336538461539 0.401141826923077 0.31400240384615397 0.4071514423076924 0.3140024038461538 0.4296875 0.19831730769230782 0.4146634615384616 0.18780048076923084 0.4116586538461539 0.19230769230769232 0.35156250000000006
4 0.8338341346153846 0.4221754807692308 0.8353365384615388 0.5093149038461539 0.29296874999999994 0.5063100961538461 0.19381009615384615 0.4987980769230769 0.21033653846153846 0.4176682692307692 0.3350360576923077 0.43569711538461536
4 0.7076322115384616 0.6310096153846154 0.7076322115384615 0.6790865384615384 0.2734375000000002 0.6670673076923077 0.2734375 0.6189903846153848 0.7136418269230771 0.6325120192307693 0.7196514423076926 0.6340144230769231
4 0.39663461538461553 0.6009615384615384 0.5829326923076925 0.6024639423076924 0.6129807692307694 0.5949519230769232 0.614483173076923 0.6174879807692307 0.5829326923076923 0.6265024038461539 0.38912259615384615 0.6189903846153849
4 0.703125 0.68359375 0.2704326923076923 0.676081730769231 0.26742788461538464 0.7211538461538461 0.7031250000000001 0.7346754807692307