4 0.281391402714932 0.4171380090497738 0.4623868778280542 0.40723981900452494 0.4553167420814478 0.14564479638009045 0.45107466063348406 0.07211538461538461 0.2700791855203618 0.07494343891402713 0.270079185520362 0.14281674208144796
4 0.5175339366515838 0.4298642533936652 0.7409502262443437 0.48642533936651583 0.7975113122171948 0.3775452488687782 0.7975113122171948 0.04100678733031675 0.5967194570135749 0 0.5769230769230771 0 0.5203619909502263 0.07070135746606333
4 0.16826923076923078 0.9063914027149321 0.07635746606334838 0.7692307692307693 0.07635746606334838 0.42420814479638025 0.2743212669683259 0.3450226244343891 0.2714932126696833 0.4143099547511312 0.3718891402714931 0.4171380090497737 0.37895927601809964 0.4256221719457013 0.3817873303167421 0.5854072398190044 0.36199095022624445 0.5726809954751132 0.3139140271493214 0.6815610859728506 0.3139140271493214 0.8201357466063348
4 0.39734162895927605 0.9968891402714932 0.3209841628959276 0.979920814479638 0.3110859728506786 0.6744909502262443 0.3619909502262442 0.5740950226244343 0.561368778280543 0.6179298642533937 0.5613687782805429 0.9162895927601811 0.5330882352941176 1
4 0.8300339366515838 0.9926470588235294 0.6108597285067874 0.8399321266968325 0.6151018099547514 0.4835972850678735 0.6363122171945702 0.4581447963800906 0.7409502262443439 0.49066742081447967 0.7777149321266971 0.41148190045248867 0.9403280542986425 0.5048076923076923 0.9304298642533938 0.8837669683257918
4 0.6122737556561085 0.8003393665158371 0.5641968325791855 0.8017533936651583 0.5585407239819004 0.6165158371040723 0.4157239819004524 0.5854072398190044 0.4058257918552037 0.41148190045248856 0.4623868778280541 0.4185520361990948 0.4638009049773754 0.33936651583710403 0.5189479638009048 0.33795248868778277 0.5203619909502261 0.4227941176470589 0.6405542986425338 0.455316742081448 0.6151018099547512 0.47794117647058826
3 0.2813914027149321 0.17816742081447964 0.2828054298642534 0.23472850678733026 0.3662330316742081 0.227658371040724 0.3605769230769231 0.17675339366515838
3 0.530260180995475 0.12302036199095023 0.528846153846154 0.18806561085972848 0.626414027149321 0.21210407239819004 0.6278280542986424 0.14847285067873303
3 0.3280542986425339 0.7763009049773756 0.32946832579185514 0.721153846153846 0.41289592760180976 0.7437782805429864 0.41713800904977383 0.7975113122171944
3 0.169683257918552 0.5656108597285068 0.17392533936651572 0.6447963800904978 0.27432126696832576 0.5868212669683258 0.27290723981900433 0.5260180995475113 0.17109728506787322 0.5755090497737557
3 0.43693438914027144 0.5104638009049773 0.43410633484162897 0.5712669683257918 0.5458144796380091 0.5585407239819004 0.5444004524886877 0.4934954751131221
3 0.6306561085972848 0.540158371040724 0.6320701357466062 0.6122737556561085 0.7197398190045251 0.6589366515837104 0.7239819004524886 0.5924773755656108