4 0.5513822115384616 0.09164663461538461 0.5408653846153846 0.15024038461538464 0.5408653846153848 0.4672475961538463 0.7917668269230769 0.5003004807692308 0.8067908653846155 0.40564903846153844 0.8112980769230769 0.10366586538461542
4 0.4191706730769231 0.15775240384615385 0.235877403846154 0.16526442307692307 0.23888221153846173 0.43419471153846156 0.2539062500000002 0.48828125 0.45673076923076944 0.46424278846153844 0.4492187500000001 0.21183894230769232
4 0.21634615384615385 0.4326923076923077 0.04507211538461556 0.516826923076923 0.05859375000000007 0.8488581730769231 0.16526442307692316 0.9525240384615385 0.3725961538461541 0.8158052884615384 0.3680889423076924 0.7241586538461539 0.38311298076923084 0.7076322115384616 0.3786057692307692 0.48377403846153844 0.3680889423076923 0.4792668269230769 0.2569110576923077 0.48978365384615385 0.23137019230769232 0.42367788461538475
4 0.6069711538461539 1 0.6144831730769231 0.9104567307692307 0.6189903846153848 0.6340144230769231 0.39362980769230776 0.6219951923076923 0.3725961538461541 0.7241586538461539 0.3740985576923077 0.9990985576923077
4 0.9119591346153846 0.9344951923076923 0.9735576923076926 0.832331730769231 0.9840745192307696 0.500300480769231 0.8052884615384616 0.4371995192307694 0.7887620192307693 0.49729567307692324 0.6790865384615388 0.4867788461538463 0.6535456730769231 0.500300480769231 0.6520432692307693 0.8458533653846155 0.9059495192307693 0.9450120192307694
4 0.5318509615384616 0.38611778846153844 0.4507211538461541 0.40264423076923084 0.45522836538461536 0.46424278846153855 0.4221754807692309 0.46875 0.39963942307692324 0.47175480769230776 0.39813701923076944 0.6204927884615384 0.6234975961538461 0.6340144230769231 0.6174879807692307 0.8097956730769231 0.6505408653846155 0.8007812500000001 0.6550480769230771 0.5033052884615385 0.6730769230769231 0.4912860576923078 0.6144831730769231 0.47776442307692324 0.5378605769230769 0.4717548076923078
3 0.3545673076923077 0.25240384615384615 0.3530649038461541 0.30799278846153844 0.26893028846153844 0.3064903846153847 0.2719350961538463 0.26592548076923084
3 0.6625600961538461 0.19531250000000006 0.5603966346153846 0.19531250000000003 0.5634014423076923 0.2509014423076924 0.6640625 0.25540865384615385
3 0.7857572115384616 0.5949519230769231 0.6790865384615385 0.5558894230769231 0.6715745192307695 0.5664062500000001 0.6745793269230771 0.6129807692307693 0.7782451923076924 0.6550480769230769
3 0.49278846153846156 0.7662259615384616 0.38461538461538464 0.7707331730769232 0.38762019230769246 0.8173076923076924 0.4972956730769233 0.8233173076923077
3 0.5709134615384616 0.5243389423076923 0.4642427884615386 0.5453725961538461 0.46724759615384637 0.6129807692307693 0.5799278846153847 0.5859375
3 0.2734375 0.5874399038461539 0.16977163461538475 0.6400240384615385 0.1787860576923079 0.703125 0.2809495192307692 0.6490384615384616