4 0.22200226244343882 0.528846153846154 0.20786199095022612 0.41006787330316735 0.28421945701357454 0.3577488687782806 0.5401583710407238 0.37330316742081443 0.5415723981900451 0.4708710407239819 0.5118778280542986 0.5528846153846154
4 0.5712669683257917 0.4440045248868778 0.5684389140271491 0.36340497737556565 0.6037895927601808 0.32239819004524883 0.8371040723981898 0.3393665158371041 0.8498303167420815 0.37754524886877827 0.8272058823529409 0.482183257918552
4 0.2361425339366516 0.5373303167420814 0.24745475113122178 0.6391402714932128 0.5104638009049774 0.6504524886877829 0.5161199095022623 0.551470588235294
4 0.2432126696832578 0.6433823529411764 0.2559389140271494 0.73670814479638 0.509049773755656 0.7423642533936652 0.5090497737556562 0.6476244343891403
4 0.5231900452488687 0.6306561085972849 0.5274321266968326 0.5260180995475113 0.5458144796380089 0.45673076923076916 0.8130656108597285 0.46945701357466063 0.8455882352941176 0.5486425339366516 0.8116515837104074 0.6561085972850679
4 0.5118778280542988 0.8413461538461539 0.5161199095022626 0.7734728506787332 0.5175339366515838 0.7437782805429864 0.7819570135746605 0.7550904977375568 0.7861990950226243 0.7819570135746609 0.7692307692307693 0.8667986425339366
4 0.5175339366515836 0.6320701357466063 0.5175339366515838 0.7480203619909502 0.7876131221719456 0.7621606334841627 0.8031674208144797 0.6518665158371041
4 0.28421945701357454 0.3577488687782806 0.27997737556561086 0.3308823529411765 0.34078054298642546 0.29128959276018107 0.5627828054298641 0.3040158371040724 0.5641968325791855 0.42420814479638014 0.5472285067873303 0.44683257918552033 0.5345022624434388 0.3619909502262443
3 0.3259676647515347 0.42717818164440946 0.33364570396409765 0.4753404276141223 0.4111240996545052 0.4753404276141223 0.4041440640067207 0.4278761852091879
3 0.3357397146584329 0.5465367912215238 0.33922973248232513 0.5877190015434522 0.4083320853953914 0.5856249908491169 0.4069360782658346 0.5493288054806377
3 0.342021746741439 0.6631033865395245 0.3476057752596665 0.7000975754727823 0.41252010678406204 0.6993995719080038 0.41112409965450514 0.6651973972338598
3 0.35667982160178635 0.7524478428311656 0.35667982160178635 0.7838580032461958 0.4153121210431759 0.7859520139405312 0.4181041353022896 0.7594278784789501
3 0.629599215430159 0.6547273437621831 0.6282032083006021 0.6938155433897761 0.6973055612136683 0.6938155433897761 0.7028895897318961 0.6596133687156324
3 0.6526333330678479 0.5521208197397515 0.6407672724666142 0.590511015802566 0.7189436717218004 0.6016790728390212 0.7266217109343633 0.5618928696466498
3 0.6784594649646503 0.37901593567469666 0.6735734400112011 0.41670812817273273 0.7377897679708182 0.4257821745148526 0.7468638143129381 0.38459996419292425
3 0.6100551156163626 0.7866500175053096 0.6135451334402549 0.8215501957442318 0.6770634578350934 0.8138721565316689 0.6784594649646503 0.7866500175053096
3 0.38529796775770264 0.3629618536847924 0.38669397488725965 0.3490017823892234 0.4502122992820982 0.35318980377789416 0.4502122992820982 0.37063989289735527