4 0.4259259259259261 0.22916666666666669 0.5722222222222225 0.19166666666666665 0.7407407407407408 0.19583333333333333 0.7351851851851856 0.39027777777777783 0.6574074074074077 0.47361111111111115 0.4370370370370372 0.4597222222222222
4 0.43888888888888916 0.46388888888888885 0.4037037037037038 0.4819444444444445 0.11851851851851856 0.45555555555555566 0.07037037037037033 0.2875 0.28888888888888914 0.23472222222222222 0.41666666666666685 0.23611111111111113
4 0.7351851851851855 0.4 0.8222222222222223 0.4041666666666666 0.8111111111111111 0.5763888888888888 0.7722222222222224 0.7041666666666668 0.5574074074074076 0.6722222222222224 0.5518518518518519 0.48472222222222233 0.5592592592592596 0.4722222222222224 0.6574074074074078 0.47500000000000014
4 0.551851851851852 0.47222222222222227 0.4296296296296297 0.4638888888888889 0.4111111111111113 0.47916666666666674 0.3259259259259259 0.47777777777777786 0.3555555555555556 0.6527777777777777 0.5537037037037036 0.6722222222222223
4 0.5870370370370371 0.6861111111111111 0.7703703703703707 0.7041666666666667 0.811111111111111 0.5708333333333333 0.8351851851851855 0.5777777777777777 0.8203703703703705 0.7194444444444446 0.7888888888888891 0.877777777777778 0.5870370370370371 0.8388888888888889
4 0.4000000000000002 0.6597222222222223 0.5907407407407409 0.6805555555555556 0.5870370370370371 0.8388888888888889 0.40555555555555584 0.8013888888888888 0.3944444444444446 0.6652777777777777 0.401851851851852 0.6597222222222223
4 0.37222222222222245 0.6555555555555556 0.19814814814814843 0.6347222222222224 0.23703703703703705 0.7847222222222223 0.3981481481481482 0.7986111111111113
4 0.3259259259259261 0.47361111111111115 0.14814814814814825 0.4625000000000001 0.19444444444444456 0.6277777777777778 0.3629629629629632 0.6416666666666668
4 0.09074074074074095 0.6138888888888888 0 0.6027777777777777 1.8947806286936006e-16 0.7375 0.10370370370370395 0.7666666666666667 0.21111111111111094 0.7097222222222223 0.17592592592592576 0.588888888888889
4 0.06851851851851866 0.28472222222222227 0 0.2819444444444445 0 0.6083333333333334 0.11851851851851848 0.6111111111111112 0.17777777777777762 0.5888888888888889 0.14629629629629604 0.4625 0.12037037037037014 0.45833333333333337
3 0.22037037037037047 0.25000000000000006 0.3425925925925928 0.2472222222222223 0.32037037037037036 0.26805555555555555 0.17592592592592596 0.27083333333333337
3 0.5555555555555558 0.20000000000000004 0.5111111111111112 0.21666666666666667 0.5888888888888892 0.22083333333333333 0.6185185185185187 0.2041666666666667
3 0.7185185185185187 0.4222222222222223 0.7759259259259262 0.4263888888888889 0.7518518518518518 0.46527777777777785 0.6777777777777777 0.45833333333333337