4 0.4495416666666667 0.279625 0.14351388888888889 0.18888888888888888
4 0.4583333333333333 0.5120416666666667 0.17222222222222222 0.2574027777777778
4 0.6263888888888889 0.5300972222222222 0.15833333333333333 0.18426388888888887
4 0.5449027777777777 0.782875 0.28055555555555556 0.2898194444444444
4 0.1962916666666667 0.7972222222222223 0.39259722222222226 0.09815277777777778
4 0.17454166666666668 0.5902777777777778 0.3490694444444445 0.30648611111111107
4 0.1814861111111111 0.28518055555555555 0.3629583333333333 0.30184722222222227
4 0.1962916666666667 0.06434722222222222 0.2722222222222222 0.12870833333333334
4 0.8412083333333332 0.18795833333333334 0.3175972222222222 0.3648194444444445
4 0.8291666666666667 0.5560138888888889 0.3287083333333333 0.3472222222222222
4 0.8490694444444445 0.8268472222222223 0.3 0.21295833333333336
4 0.2300972222222222 0.8893472222222223 0.44722222222222224 0.075