4 0.5152777777777777 0.3981527777777778 0.11944444444444445 0.15
4 0.5208333333333334 0.5638888888888889 0.175 0.17222222222222222
4 0.6787083333333334 0.4699027777777778 0.11851388888888889 0.11944444444444445
4 0.7162083333333332 0.5981527777777778 0.17315277777777777 0.12777777777777777
4 0.3333333333333333 0.6032361111111111 0.170375 0.09166666666666666
4 0.3537083333333333 0.4967638888888889 0.120375 0.145375
4 0.20093055555555553 0.7453749999999999 0.10740277777777778 0.20370833333333332
4 0.35 0.7564861111111111 0.170375 0.1925972222222222
4 0.5263888888888889 0.7555555555555555 0.1638888888888889 0.16666666666666666
4 0.7050972222222223 0.7601805555555556 0.16944444444444445 0.16851388888888888
4 0.8592638888888888 0.756013888888889 0.11851388888888889 0.1768472222222222