0 0.1046875 0.5265625 0.1578125 0.2421875
0 0.253125 0.65 0.265625 0.253125
0 0.36953125 0.70859375 0.21875 0.265625
0 0.64296875 0.73515625 0.20625 0.2046875
0 0.51796875 0.64375 0.334375 0.3390625
0 0.4171875 0.41796875 0.1765625 0.15
0 0.2578125 0.4359375 0.2578125 0.234375
0 0.81640625 0.66640625 0.2953125 0.2234375
0 0.77421875 0.47734375 0.3046875 0.2640625
0 0.58359375 0.44296875 0.2484375 0.1640625
0 0.653125 0.303125 0.184375 0.1328125
0 0.51328125 0.2609375 0.271875 0.2140625
0 0.334375 0.2953125 0.1484375 0.153125