3 0.5130769230769231 0.49653846153846154 0.22384615384615386 0.2508894230769231
3 0.8173076923076923 0.45747596153846154 0.16826923076923078 0.09766826923076924
3 0.8981490384615385 0.8530769230769231 0.20372596153846154 0.2938701923076923
3 0.2441346153846154 0.4987980769230769 0.09766826923076924 0.09314903846153846
3 0.0811298076923077 0.45747596153846154 0.1622596153846154 0.19379807692307693
4 0.8462980769230769 0.40415865384615385 0.3073798076923077 0.5288461538461539
4 0.8140144230769231 0.8365384615384616 0.3719951923076923 0.3269230769230769
4 0.4296875 0.5265865384615385 0.5048076923076923 0.4792548076923077
4 0.13072115384615385 0.43120192307692307 0.25540865384615385 0.3425480769230769
4 0.06161057692307692 0.7076442307692308 0.12319711538461539 0.24338942307692307
4 0.226875 0.4882932692307692 0.33353365384615385 0.3245192307692308