4 0.16300480769230768 0.39663461538461536 0.25990384615384615 0.07211538461538461
4 0.18629807692307693 0.44021634615384614 0.3245192307692308 0.07211538461538461
4 0.44396634615384617 0.3170192307692308 0.3560817307692308 0.06310096153846154
4 0.7827644230769231 0.34555288461538464 0.2854567307692308 0.04807692307692308
4 0.7775 0.4191826923076923 0.2959855769230769 0.09615384615384616
4 0.863125 0.5183413461538462 0.16377403846153846 0.12319711538461539
4 0.7083894230769231 0.5273557692307692 0.15475961538461538 0.10817307692307693
4 0.7113942307692308 0.6235096153846154 0.15776442307692307 0.10516826923076923
4 0.8759134615384615 0.6197355769230769 0.1893028846153846 0.14274038461538463
4 0.24490384615384614 0.48302884615384617 0.14122596153846154 0.06161057692307692
4 0.12920673076923078 0.5791826923076923 0.1141826923076923 0.070625
4 0.09915865384615384 0.5153365384615385 0.14122596153846154 0.06310096153846154
4 0.25841346153846156 0.6340144230769231 0.13521634615384615 0.0811298076923077
4 0.25915865384615383 0.5551442307692308 0.14274038461538463 0.08564903846153847
4 0.4071634615384615 0.4912980769230769 0.1502403846153846 0.0811298076923077
4 0.5130769230769231 0.5033173076923076 0.07963942307692308 0.033052884615384616
4 0.5333653846153846 0.45298076923076924 0.08413461538461539 0.034567307692307696
4 0.44997596153846153 0.40490384615384617 0.20584134615384614 0.058605769230769225
4 0.5949519230769231 0.6467788461538462 0.06310096153846154 0.07963942307692308
4 0.5318509615384616 0.5649038461538461 0.14423076923076922 0.06009615384615385
4 0.5190865384615384 0.5265865384615385 0.09764423076923076 0.028557692307692308
4 0.5964663461538462 0.5912019230769231 0.04807692307692308 0.034567307692307696
4 0.17353365384615385 0.35908653846153843 0.19382211538461538 0.04807692307692308
3 0.7256730769230769 0.5115625 0.0390625 0.04057692307692307
3 0.9292307692307692 0.6497836538461539 0.09466346153846154 0.04358173076923077
3 0.6971153846153846 0.612235576923077 0.036057692307692304 0.037572115384615384
3 0.7557211538461538 0.5949519230769231 0.042067307692307696 0.0390625
3 0.7324278846153847 0.5483894230769231 0.04057692307692307 0.027043269230769232
3 0.7181490384615384 0.38913461538461536 0.033052884615384616 0.036057692307692304
3 0.7602163461538461 0.3861298076923077 0.036057692307692304 0.036057692307692304
3 0.8240625 0.4033894230769231 0.04658653846153846 0.034567307692307696
3 0.9029567307692308 0.5408653846153846 0.06610576923076923 0.033052884615384616