3 0.19682692307692307 0.33653846153846156 0.21935096153846154 0.2644230769230769
3 0.6189903846153846 0.7399278846153846 0.25540865384615385 0.3290384615384615
3 0.24939903846153846 0.6655769230769231 0.20432692307692307 0.23137019230769232
3 0.05033653846153847 0.9540384615384615 0.10067307692307693 0.08713942307692307
4 0.2681730769230769 0.32603365384615385 0.47627403846153843 0.4807692307692308
4 0.6475480769230769 0.41540865384615383 0.3876201923076923 0.27192307692307693
4 0.9157211538461538 0.3951442307692308 0.10367788461538462 0.12319711538461539
4 0.6998317307692308 0.7524038461538461 0.6003605769230769 0.4951923076923077
4 0.24490384615384614 0.8688461538461538 0.33353365384615385 0.2623317307692308
4 0.24639423076923078 0.6595673076923076 0.3425480769230769 0.26742788461538464
4 0.042067307692307696 0.5761778846153847 0.08413461538461539 0.28096153846153843
4 0.042812499999999996 0.30122596153846154 0.08564903846153847 0.32302884615384614