4 0.838798076923077 0.699375 0.32242788461538463 0.4582451923076923
4 0.24490384615384614 0.25014423076923076 0.48978365384615385 0.4973076923076923
4 0.7486538461538461 0.23512019230769232 0.5027163461538462 0.398125
4 0.5574038461538462 0.5153365384615385 0.7091346153846154 0.4567307692307692
4 0.5641586538461538 0.1126923076923077 0.3320432692307692 0.14122596153846154
4 0.3568269230769231 0.03831730769230769 0.47927884615384614 0.07663461538461538
3 0.8342788461538462 0.6941105769230769 0.3314423076923077 0.27944711538461536
3 0.5220913461538461 0.5078125 0.24189903846153846 0.19230769230769232
3 0.8503605769230769 0.21860576923076921 0.22235576923076922 0.1757932692307692
3 0.5311057692307692 0.06911057692307693 0.13973557692307692 0.06610576923076923
3 0.1878125 0.12319711538461539 0.2704326923076923 0.15925480769230768