3 0.47627403846153843 0.4221875 0.25540865384615385 0.23737980769230768
3 0.7992788461538461 0.4251923076923077 0.33653846153846156 0.16526442307692307
3 0.7226682692307692 0.8135576923076923 0.15925480769230768 0.1517548076923077
3 0.7001201923076923 0.23737980769230768 0.08413461538461539 0.078125
3 0.4176682692307692 0.23512019230769232 0.15324519230769232 0.09165865384615385
3 0.8879326923076923 0.6655769230769231 0.18028846153846154 0.15324519230769232
4 0.29822115384615383 0.2907211538461538 0.4071634615384615 0.5814423076923076
4 0.9146634615384616 0.2726923076923077 0.17067307692307693 0.5453605769230769
4 0.48228365384615385 0.5721153846153846 0.2854567307692308 0.8557692307692307
4 0.2666826923076923 0.7444471153846154 0.26290865384615386 0.4401923076923077
4 0.8876201923076923 0.9051923076923077 0.2247596153846154 0.16074519230769233
4 0.7835096153846154 0.5190865384615384 0.33805288461538463 0.3410576923076923
4 0.8080048076923076 0.6678125 0.3840144230769231 0.3170192307692308
4 0.8052884615384616 0.12545673076923075 0.23137019230769232 0.20581730769230772