4 0.5716586538461539 0.5386057692307692 0.41617788461538463 0.49430288461538463
4 0.9086538461538461 0.6795432692307692 0.18269230769230768 0.6409374999999999
4 0.44396634615384617 0.14348557692307692 0.8879086538461538 0.28694711538461537
4 0.241875 0.7421875 0.34555288461538464 0.33052884615384615
4 0.26216346153846154 0.44322115384615385 0.2478846153846154 0.27944711538461536
4 0.07286057692307692 0.5663942307692308 0.14572115384615383 0.5348557692307693
3 0.5919471153846154 0.4680048076923077 0.33052884615384615 0.29899038461538463
3 0.8891346153846154 0.30874999999999997 0.22175480769230768 0.19983173076923075
3 0.9304326923076923 0.6700721153846154 0.13913461538461538 0.4657451923076923
3 0.6445432692307692 0.10141826923076923 0.4026442307692308 0.2028125
3 0.26516826923076925 0.44846153846153847 0.23588942307692307 0.2629326923076923
3 0.24490384615384614 0.7421875 0.26742788461538464 0.27944711538461536