4 0.877860576923077 0.2013221153846154 0.2443028846153846 0.4026442307692308
4 0.4417067307692308 0.3004807692307692 0.15324519230769232 0.10817307692307693
4 0.42367788461538464 0.20057692307692307 0.15324519230769232 0.09165865384615385
4 0.3027403846153846 0.13596153846153847 0.12471153846153847 0.09165865384615385
4 0.4852884615384615 0.6415384615384615 0.21935096153846154 0.13521634615384615
4 0.8545673076923077 0.5904567307692308 0.29086538461538464 0.08713942307692307
4 0.24490384615384614 0.5521394230769231 0.08713942307692307 0.07963942307692308
4 0.31401442307692307 0.5566346153846153 0.08713942307692307 0.10668269230769231
4 0.29673076923076924 0.3117548076923077 0.11870192307692308 0.070625
4 0.18629807692307693 0.3132451923076923 0.11117788461538461 0.09766826923076924
4 0.0878846153846154 0.32826923076923076 0.09466346153846154 0.08264423076923078
4 0.15550480769230768 0.23362980769230768 0.21786057692307692 0.07663461538461538
4 0.32002403846153843 0.22762019230769232 0.10216346153846154 0.08264423076923078
4 0.19831730769230768 0.1622596153846154 0.14122596153846154 0.06610576923076923
4 0.027043269230769232 0.25014423076923076 0.054086538461538464 0.2538942307692308
4 0.029302884615384613 0.5498798076923077 0.058605769230769225 0.21033653846153846
3 0.3297836538461538 0.5746634615384616 0.028557692307692308 0.04057692307692307
3 0.42141826923076925 0.19983173076923075 0.10968750000000001 0.05108173076923077
3 0.28170673076923075 0.2929807692307692 0.058605769230769225 0.027043269230769232
3 0.28846153846153844 0.16526442307692307 0.06009615384615385 0.033052884615384616
3 0.29822115384615383 0.11793269230769231 0.07963942307692308 0.037572115384615384
3 0.27718750000000003 0.33653846153846156 0.04959134615384615 0.015024038461538462
3 0.18103365384615386 0.33353365384615385 0.05560096153846154 0.030048076923076924
3 0.07663461538461538 0.3515625 0.06610576923076923 0.036057692307692304
3 0.015024038461538462 0.5904567307692308 0.030048076923076924 0.036057692307692304